4590.43  3070.6  22.0921  19.5953  0.583757  0.383578  0
4601.77  2957.97  22.0887  19.3604  0.510703  0.364716  0
4735.39  2868.08  20.7443  18.1261  0.468182  0.355116  1
4612.3  2845.94  20.5373  17.9783  0.473073  0.37727  1
4491.54  2824.18  20.1822  17.8489  0.51144  0.376529  1
3163.69  2999.57  14.6509  13.315  0.676286  0.424183  0
3174.07  2920.95  13.9199  12.3652  0.626337  0.355173  1
3268.08  2861.73  14.8046  13.4113  0.561269  0.394487  0
3184.6  2842.94  13.7847  12.4035  0.578224  0.399918  1
3102.81  2825.92  14.5561  13.3043  0.580355  0.35112  0
159.212  2285.68  9.80114  8.09537  1.93687  0.267208  0
165.695  2231.14  9.48783  8.11994  1.96456  0.348711  0
214.037  2178.94  9.69075  7.91399  1.88152  0.241212  0
172.167  2176.77  8.71736  6.9066  1.7888  0.296501  1
128.684  2174.89  9.50659  8.22184  2.00459  0.299696  0
2083.44  2109.7  8.98577  8.37122  2.45196  0.33881  0
2085.39  2060.33  8.96385  8.27919  2.43968  0.368052  0
2039.06  2012.2  8.92597  8.20035  2.47045  0.342775  0
2087.22  2011.26  9.04068  8.37122  2.58302  0.368919  0
2135.4  2010.13  8.98884  8.4112  2.43926  0.347718  0
1906.87  1355.89  8.26504  7.43329  1.41219  0.219459  0
1910  1309.07  8.06813  7.55882  1.5708  0.286831  0
1955.02  1265.95  8.03014  7.60694  1.19906  0.353554  0
1912.62  1262.26  8.08633  7.49388  1.51126  0.27773  0
1870.33  1258.62  7.36469  6.52796  1.44387  0.251945  1
1007.89  1247.64  10.4273  8.82538  1.61714  0.332933  0
1009.16  1189.19  10.2663  9.00551  1.59162  0.365895  0
1059.22  1131.4  9.50074  7.97807  1.56125  0.325762  1
1009.93  1130.62  10.2797  9.02028  1.50032  0.354042  0
961.241  1130.24  9.44258  8.12119  1.60449  0.231761  1
309.497  1224.53  9.46499  7.68785  1.61243  0.253788  0
308.176  1170.29  9.25171  7.70111  1.59945  0.333241  0
265.659  1119.4  9.23144  7.70466  1.50718  0.286835  0
306.194  1116.21  9.34852  7.81627  1.53099  0.246451  0
347.53  1113.01  8.65686  6.39398  1.57739  0.238648  1
2370.24  1088.46  14.5627  13.752  1.86417  0.385275  0
2368.48  1008.22  13.4586  12.3694  1.78199  0.389003  1
2291.55  934.017  14.6758  13.7182  1.73381  0.347226  0
2366.18  927.81  14.6751  13.7888  1.84596  0.452907  0
2441.5  921.593  14.6843  13.9269  1.94453  0.404238  0
2024.7  699.441  8.51886  7.73936  1.65734  0.350244  0
2028.99  650.73  7.70292  6.90574  1.81656  0.319172  1
2077.66  603.764  8.60235  7.96412  1.65267  0.234997  0
2033.03  601.03  8.54761  7.87024  1.6121  0.252791  0
1988.67  598.368  7.74909  6.85274  1.65876  0.280044  1
658.426  625.63  7.00151  5.60725  1.51913  0.217645  0
657.243  582.73  6.9147  5.68147  1.57244  0.27533  0
622.732  542.565  5.92733  4.61137  1.55163  0.085937  1
656  539.783  5.86966  4.64598  1.5708  0.018642  1
688.491  536.775  6.98971  5.43111  1.62728  0.220382  0
4718.79  566.075  10.8628  9.76144  2.72272  0.335827  0
4709.32  507.682  10.9521  9.53889  2.63835  0.32684  0
4637.22  462.19  10.6509  9.73612  2.77846  0.44618  0
4699.48  449.37  9.46964  8.61917  2.77104  0.392212  1
4763.06  436.103  9.60206  8.6086  2.81692  0.436743  1
2891.54  316.849  9.39063  8.26804  2.15078  0.355718  0
2885.01  264.745  8.26506  7.62175  2.2346  0.317851  1
2827.1  223.175  8.36116  7.58001  2.17814  0.358476  1
2878.41  211.843  8.26285  7.49227  2.17745  0.467563  1
2930.2  199.659  9.41287  8.39881  2.21121  0.241465  0
