1	11100
4491.46  2824.15  20.0883  17.8429  0.505172  0.0164026  1  
4612.25  2845.92  19.8956  17.5099  0.46368  0.0177746  1  
4735.33  2868.12  19.7687  17.1168  0.447586  0.0167288  1  
4601.76  2958.01  21.6969  19.185  0.526119  0.0201658  0  
4590.52  3070.55  20.9479  18.2905  0.568158  0.0210947  0  
2	01010
3102.79  2825.87  13.3305  11.9613  0.582333  0.00876836  0  
3184.66  2843.01  13.2786  11.7974  0.577385  0.0168322  1  
3268.03  2861.69  14.0848  12.5898  0.594284  0.0121648  0  
3174.08  2921  13.512  11.9375  0.621337  0.0129037  1  
3163.7  2999.58  14.0798  12.5951  0.666778  0.0099546  0  
3	01000
128.66  2174.89  9.33236  7.87739  1.85456  0.0202262  0  
172.111  2176.78  8.48568  6.58774  1.75294  0.0104243  1  
214.005  2178.93  9.57726  7.85868  1.84205  0.00680355  0  
165.619  2231.2  8.67013  6.84662  1.81064  0.01392  0  
159.063  2285.72  9.28608  7.53869  1.83035  0.00651586  0  
4	00000
2039.02  2012.26  8.44542  7.94687  2.43055  0.0139963  0  
2087.15  2011.22  9.45337  8.90888  2.45495  0.012398  0  
2135.21  2010.18  8.68355  8.17936  2.31532  0.00537124  0  
2085.42  2060.35  9.37134  8.80377  2.40254  0.00753659  0  
2083.46  2109.72  9.21564  8.60079  2.3642  0.00932043  0  
5	10000
1870.29  1258.63  6.45323  5.83957  1.46459  0.0108035  1  
1912.6  1262.24  7.88233  7.3631  1.47544  0.0160483  0  
1955.02  1265.91  7.34923  6.65484  1.46745  0.010144  0  
1909.94  1309.07  8.07073  7.47423  1.49572  0.00601755  0  
1906.84  1355.75  8.48834  7.94294  1.45484  0.0281585  0  
6	10100
961.298  1130.19  8.95357  7.52884  1.56055  0.00619607  1  
1009.82  1130.6  9.51881  8.0182  1.57737  0.01504  0  
1059.17  1131.36  8.59949  6.9782  1.57304  0.00861474  1  
1009.12  1189.11  9.965  8.56417  1.59234  0.00653426  0  
1007.85  1247.5  10.7569  9.50173  1.6049  0.0205043  0  
7	00100
265.551  1119.33  8.73799  6.90697  1.5335  0.00690026  0  
306.224  1116.18  8.88041  6.94993  1.56029  0.00936668  0  
347.467  1113.07  7.98911  5.95413  1.59083  0.00953867  1  
308.195  1170.31  8.92111  6.97803  1.59479  0.0129913  0  
309.414  1224.33  8.75371  6.81804  1.60062  0.00990956  0  
8	00010
2291.55  933.875  14.3729  13.4421  1.77167  0.007898  0  
2366.2  927.742  13.8804  12.8398  1.81568  0.00934158  0  
2441.57  921.471  14.6193  13.7041  1.89992  0.0089721  0  
2368.41  1008.28  13.1561  12.0957  1.77332  0.0174608  1  
2370.3  1088.32  14.3317  13.4238  1.82724  0.00413467  0  
9	10010
1988.65  598.419  7.69464  6.95538  1.66766  0.00814399  1  
2032.98  600.93  8.15768  7.43306  1.76174  0.00687306  0  
2077.53  603.711  8.47198  7.70387  1.70287  0.00948045  0  
2028.99  650.724  7.51762  6.80507  1.71708  0.00557885  1  
2024.62  699.493  7.79615  7.0616  1.68854  0.0189665  0  
10	11000
622.67  542.691  5.42378  3.93273  1.53863  0.0190732  1  
656.146  539.922  5.07861  3.72961  1.54983  0.0138126  1  
688.631  536.82  6.37025  4.7803  1.57305  0.0201016  0  
657.368  582.76  6.38651  4.84772  1.61065  0.0271839  0  
658.588  625.696  6.45772  5.07296  1.56698  0.01104  0  
11	01100
4637.18  462.161  10.5675  9.57485  2.68421  0.00950071  0  
4699.5  449.322  9.9691  8.94864  2.68984  0.0167968  1  
4762.91  436.029  10.3144  9.2504  2.69726  0.0106806  1  
4709.32  507.647  11.1814  10.016  2.6909  0.00608814  0  
4718.76  565.943  11.5216  10.4455  2.72391  0.0167425  0  
12	11010
2827.23  223.133  8.61372  7.86546  2.07258  0.00647969  1  
2878.4  211.845  8.12689  7.4169  2.15635  0.00905423  1  
2930.3  199.636  9.6817  8.78963  2.21365  0.0075093  0  
2884.9  264.783  8.64428  7.87541  2.16455  0.00833179  1  
2891.51  316.942  8.85212  7.98179  2.12994  0.0187357  0  
